        1250
           1           1          29
           1           4           7
           1           9          16
           1          12          32
           1          22          24
           1          38          41
           1          45          47
           1          52          55
           1          59          92
           1          71          74
           1          80          82
           1          86          89
           1          96          99
           1         107         111
           1         109         123
           1         115         118
           1         121         144
           1         127         130
           1         133         135
           1         152         155
           1         158         160
           1         163         168
           1         173         176
           1         181         185
           1         188         192
           2           1           5
           2           9          11
           2          13          24
           2          16          19
           2          31          34
           2          37          85
           2          39          80
           2          42          46
           2          50          55
           2          53          58
           2          65          67
           2          70          72
           2          74          76
           2          87          89
           2          91          93
           2          98         101
           2         113         125
           2         122         199
           2         132         135
           2         143         146
           2         149         153
           2         160         162
           2         172         175
           2         180         194
           2         186         189
           3           1          33
           3           9          11
           3          20          22
           3          26          29
           3          36          38
           3          42          44
           3          48          61
           3          51          54
           3          57          59
           3          66          70
           3          76         151
           3          81          83
           3          85          87
           3          93         108
           3         100         103
           3         113         117
           3         122         135
           3         131         190
           3         138         140
           3         142         145
           3         156         173
           3         166         170
           3         178         180
           3         186         188
           3         195         199
           4           1         172
           4           4           6
           4          11          15
           4          21          25
           4          28          33
           4          37          48
           4          43          45
           4          55          57
           4          59          63
           4          67          70
           4          73          79
           4          77          89
           4          98         102
           4         104         106
           4         109         121
           4         111         113
           4         124         127
           4         135         148
           4         139         154
           4         157         159
           4         168         170
           4         175         177
           4         184         187
           4         190         192
           4         197         199
           5          10          14
           5          19          21
           5          26          67
           5          30          33
           5          39          41
           5          43          51
           5          57          60
           5          73          75
           5          79          82
           5          87          95
           5          90          98
           5          93         109
           5         100         104
           5         102         129
           5         112         119
           5         114         116
           5         122         199
           5         124         126
           5         136         141
           5         143         145
           5         148         184
           5         156         162
           5         165         167
           5         170         175
           5         191         194
           6           3           7
           6          12         157
           6          18          20
           6          23          32
           6          26          28
           6          36          39
           6          45          93
           6          51          53
           6          55          75
           6          58          60
           6          70          72
           6          79          81
           6          84          86
           6          88          97
           6         104         109
           6         113         125
           6         117         120
           6         130         132
           6         136         138
           6         141         147
           6         152         182
           6         163         173
           6         168         170
           6         177         179
           6         189         193
           7          12          90
           7          20          26
           7          29          31
           7          34          38
           7          49          51
           7          58          74
           7          63          66
           7          69          71
           7          81          84
           7          95         101
           7          98         107
           7         103         111
           7         116         119
           7         124         134
           7         129         131
           7         138         141
           7         143         145
           7         149         152
           7         156         175
           7         159         162
           7         165         167
           7         169         172
           7         179         181
           7         185         187
           7         193         197
           8           1           3
           8          11          16
           8          19          21
           8          24          27
           8          32         102
           8          40          42
           8          46          49
           8          51          53
           8          56          64
           8          70          74
           8          76          79
           8          85          89
           8          95          99
           8         104         106
           8         113         115
           8         120         126
           8         131         141
           8         136         138
           8         145         170
           8         148         151
           8         161         164
           8         166         168
           8         174         176
           8         182         187
           8         197         200
           9           4           8
           9          12          18
           9          21          23
           9          32          36
           9          40          43
           9          47          77
           9          51          53
           9          62          66
           9          70          74
           9          81          85
           9          96         101
           9         106         108
           9         112         127
           9         117         119
           9         122         131
           9         133         140
           9         138         168
           9         144         148
           9         151         153
           9         155         161
           9         159         166
           9         171         174
           9         178         200
           9         182         185
           9         189         194
          10           5          23
          10          11         155
          10          17          19
          10          29          34
          10          42          44
          10          47          96
          10          54          69
          10          58          67
          10          73          76
          10          81          83
          10          85          88
          10          90         106
          10         112         115
          10         119         123
          10         125         128
          10         130         136
          10         141         143
          10         145         147
          10         149         151
          10         161         165
          10         169         171
          10         173         177
          10         182         184
          10         191         199
          10         193         195
          11           1           4
          11          10          54
          11          16          19
          11          26          28
          11          34         176
          11          41          44
          11          46          50
          11          58          62
          11          69          76
          11          80          87
          11          95          98
          11         101         103
          11         108         113
          11         117         125
          11         119         122
          11         130         132
          11         138         140
          11         146         149
          11         153         155
          11         160         162
          11         165         168
          11         170         172
          11         181         183
          11         186         189
          11         193         196
          12           3          13
          12          18         117
          12          26          28
          12          30          38
          12          35          92
          12          40          42
          12          46          57
          12          51          54
          12          61          66
          12          71          79
          12          73          76
          12          85          87
          12          97          99
          12         104         106
          12         109         135
          12         124         156
          12         127         130
          12         143         146
          12         151         153
          12         158         160
          12         169         172
          12         180         182
          12         186         189
          12         192         194
          12         196         199
          13           2          41
          13          10          12
          13          17          22
          13          26          94
          13          31          33
          13          48          50
          13          53          55
          13          59          62
          13          65          68
          13          74          86
          13          77          80
          13          88          90
          13          97          99
          13         107         116
          13         119         121
          13         124         127
          13         129         133
          13         138         140
          13         146         165
          13         152         154
          13         158         160
          13         170         172
          13         177         197
          13         179         182
          13         190         193
          14           3         141
          14           6           8
          14          10          14
          14          18          21
          14          25          37
          14          27          29
          14          32          44
          14          41          48
          14          54          56
          14          69          90
          14          72          74
          14          78          94
          14          97         100
          14         103         106
          14         113         116
          14         118         120
          14         122         134
          14         126         129
          14         143         145
          14         147         149
          14         152         154
          14         163         168
          14         171         175
          14         181         184
          14         193         197
          15           6           9
          15          12          17
          15          24          58
          15          28          31
          15          36          39
          15          42          44
          15          53          55
          15          63          65
          15          67          70
          15          73          76
          15          78          80
          15          83          85
          15          87          89
          15          91         159
          15          98         100
          15         109         116
          15         113         118
          15         120         122
          15         124         129
          15         137         170
          15         140         142
          15         145         149
          15         166         168
          15         178         182
          15         188         192
          16           2           6
          16          10          15
          16          19          23
          16          21         108
          16          29          32
          16          38          43
          16          49          55
          16          59          73
          16          62          65
          16          76          82
          16          89          91
          16          94          97
          16         103         105
          16         113         115
          16         124         127
          16         133         135
          16         138         140
          16         142         144
          16         148         176
          16         151         153
          16         163         167
          16         172         174
          16         181         184
          16         189         200
          16         191         193
          17           4          63
          17           9          11
          17          16          18
          17          23          26
          17          29          33
          17          36         129
          17          38          40
          17          44          47
          17          51          53
          17          56          60
          17          67          69
          17          74          77
          17          84          88
          17          93          95
          17         101         103
          17         112         114
          17         116         119
          17         134         136
          17         138         141
          17         147         151
          17         153         155
          17         158         193
          17         166         186
          17         170         173
          17         177         180
          18           1           5
          18          13          67
          18          20          25
          18          33          36
          18          39          43
          18          47          49
          18          53          55
          18          59          62
          18          76          78
          18          80          84
          18          87          89
          18          91          93
          18         100         102
          18         106         110
          18         116         118
          18         123         127
          18         139         149
          18         142         145
          18         152         154
          18         156         159
          18         163         165
          18         169         171
          18         173         178
          18         185         200
          18         188         196
          19           2           7
          19          10         182
          19          19          21
          19          24          26
          19          29          31
          19          33          35
          19          37          41
          19          46          48
          19          52          57
          19          55          61
          19          68          70
          19          73          76
          19          78          80
          19          84         143
          19          91          95
          19          98         108
          19         102         126
          19         113         200
          19         120         122
          19         132         160
          19         137         148
          19         154         156
          19         172         174
          19         185         187
          19         191         194
          20           1           3
          20           8          44
          20          15          51
          20          18          21
          20          26          29
          20          39          41
          20          56          58
          20          63          71
          20          65          69
          20          75         106
          20          79          82
          20          90         110
          20          95         125
          20         101         103
          20         115         118
          20         131         136
          20         143         145
          20         150         164
          20         155         161
          20         158         173
          20         166         168
          20         175         177
          20         179         182
          20         190         193
          20         195         197
          21           3          12
          21           6           9
          21          21          69
          21          26          31
          21          38          80
          21          41          43
          21          49          54
          21          60          63
          21          71          73
          21          83          86
          21          89          91
          21          93          97
          21          99         101
          21         105         111
          21         115         117
          21         120         122
          21         125         130
          21         135         137
          21         139         156
          21         151         153
          21         163         199
          21         167         169
          21         175         182
          21         187         190
          21         195         197
          22           2           6
          22          10          12
          22          19          22
          22          31          36
          22          45          51
          22          48          54
          22          59          62
          22          69         100
          22          73          75
          22          81          88
          22          84          86
          22          91          93
          22          95          98
          22         105         108
          22         119         140
          22         122         124
          22         130         132
          22         143         145
          22         148         180
          22         151         154
          22         161         166
          22         174         178
          22         185         188
          22         193         195
          22         197         200
          23           2         198
          23           4           6
          23           8          11
          23          15          17
          23          19          21
          23          24          29
          23          35          37
          23          39          42
          23          45          51
          23          55          67
          23          59          64
          23          69          71
          23          78          84
          23          88          92
          23          94          98
          23         106         108
          23         112         131
          23         116         120
          23         135         138
          23         140         143
          23         152         170
          23         157         160
          23         165         167
          23         174         177
          23         183         188
          24          15          20
          24          23          25
          24          29          32
          24          35          37
          24          40          43
          24          46          48
          24          57          64
          24          68         101
          24          70          72
          24          74          76
          24          82          90
          24          84          87
          24          93         104
          24          95         107
          24         113         158
          24         118         120
          24         125         128
          24         132         184
          24         136         139
          24         145         148
          24         150         152
          24         166         168
          24         173         176
          24         187         190
          24         193         199
          25           3           5
          25           8          56
          25          11          14
          25          21          24
          25          27          29
          25          33          79
          25          44          51
          25          47          49
          25          65          69
          25          74          76
          25          81          83
          25          93          95
          25          98         107
          25         109         111
          25         116         118
          25         125         130
          25         133         137
          25         144         146
          25         149         151
          25         154         156
          25         165         168
          25         174         176
          25         179         182
          25         192         200
          25         196         198
          26           2          24
          26           7           9
          26          13          15
          26          18          57
          26          28          30
          26          34          37
          26          40          43
          26          50          53
          26          61          65
          26          69          71
          26          73          75
          26          77         159
          26          83          85
          26          89         106
          26          94          96
          26         101         103
          26         109         112
          26         115         117
          26         120         122
          26         127         129
          26         133         136
          26         143         145
          26         147         152
          26         164         168
          26         181         188
          27           2           4
          27           6           8
          27          11          21
          27          14          16
          27          26          40
          27          31          33
          27          43          52
          27          47          50
          27          58          63
          27          71          80
          27          74          76
          27          84          90
          27          95         100
          27         108         198
          27         114         116
          27         120         122
          27         129         131
          27         135         171
          27         138         140
          27         145         147
          27         150         160
          27         155         157
          27         167         169
          27         177         182
          27         189         191
          28           3          21
          28           5           7
          28          10          13
          28          16          18
          28          26          28
          28          31          36
          28          40          84
          28          48          51
          28          54          58
          28          61          67
          28          71          79
          28          73          75
          28          89          91
          28          93          99
          28         110         115
          28         118         124
          28         126         129
          28         135         141
          28         138         193
          28         147         154
          28         149         152
          28         160         163
          28         170         173
          28         187         189
          28         198         200
          29           3           5
          29          10          22
          29          12          14
          29          16          18
          29          25          30
          29          34          36
          29          42          48
          29          53          55
          29          64          68
          29          77          80
          29          83          87
          29          90          99
          29          94          97
          29         102         104
          29         107         109
          29         112         117
          29         120         123
          29         126         131
          29         140         142
          29         150         153
          29         158         161
          29         171         182
          29         176         200
          29         186         189
          29         193         195
          30           1           4
          30          11          36
          30          15          18
          30          22          30
          30          25          27
          30          42          44
          30          47          51
          30          55          57
          30          59          61
          30          64          68
          30          80         106
          30          86          88
          30          91          95
          30          99         102
          30         110         112
          30         118         122
          30         125         128
          30         132         136
          30         134         138
          30         141         146
          30         150         155
          30         159         161
          30         166         188
          30         191         193
          30         195         200
          31           5          10
          31           7          13
          31          19          22
          31          24          68
          31          40          43
          31          49          53
          31          62          65
          31          74          76
          31          84          86
          31          91          93
          31          96          99
          31         107         136
          31         111         113
          31         117         129
          31         122         124
          31         132         134
          31         148         150
          31         152         156
          31         162         164
          31         166         173
          31         169         171
          31         176         178
          31         182         200
          31         186         188
          31         190         192
          32           2         134
          32           7          12
          32          19          22
          32          28          30
          32          32          36
          32          40          56
          32          45          48
          32          51          53
          32          61          64
          32          71          79
          32          85          90
          32          96          99
          32         103         106
          32         111         113
          32         119         121
          32         126         128
          32         130         132
          32         136         138
          32         142         148
          32         151         153
          32         155         157
          32         161         164
          32         168         170
          32         172         174
          32         194         199
          33           2          17
          33           4           7
          33          20          23
          33          30         150
          33          37          39
          33          44          50
          33          53          55
          33          59          61
          33          65          80
          33          69          71
          33          75          86
          33          94          97
          33         100         107
          33         104         110
          33         112         114
          33         118         121
          33         123         126
          33         130         132
          33         135         173
          33         139         158
          33         162         164
          33         169         171
          33         176         179
          33         182         200
          33         193         195
          34           4          29
          34          11          14
          34          17          20
          34          35          40
          34          46          55
          34          48          50
          34          64          80
          34          67          69
          34          72          75
          34          87          89
          34          91         187
          34          93          95
          34          97         102
          34         109         111
          34         114         116
          34         119         123
          34         128         134
          34         138         140
          34         144         146
          34         154         156
          34         159         197
          34         165         167
          34         169         172
          34         176         179
          34         182         184
          35           5           7
          35           9          40
          35          18          21
          35          27          61
          35          30          33
          35          43          47
          35          45          49
          35          54          56
          35          65          68
          35          71          73
          35          78          87
          35          83          85
          35          96         116
          35          99         102
          35         106         109
          35         119         121
          35         127         133
          35         136         138
          35         140         185
          35         146         148
          35         150         153
          35         157         165
          35         170         172
          35         177         192
          35         195         198
          36           1           4
          36          14          20
          36          24          27
          36          38          52
          36          43          45
          36          48          50
          36          64          68
          36          74          83
          36          77          79
          36          92          94
          36          96         102
          36         110         116
          36         120         122
          36         125         127
          36         130         164
          36         134         136
          36         139         141
          36         143         145
          36         147         149
          36         151         154
          36         159         161
          36         166         168
          36         173         176
          36         183         197
          36         187         189
          37           1           4
          37           7          10
          37          16          18
          37          24          26
          37          29          32
          37          40          43
          37          47         148
          37          52          54
          37          56          62
          37          60          71
          37          65          67
          37          77          80
          37          88          91
          37          98         122
          37         101         103
          37         107         110
          37         115         118
          37         135         139
          37         143         145
          37         150         153
          37         161         167
          37         170         172
          37         174         176
          37         182         191
          37         197         199
          38           6          17
          38           8          11
          38          23          25
          38          29          33
          38          37          42
          38          44          47
          38          51          53
          38          57          76
          38          59          61
          38          67          70
          38          81          84
          38          91          93
          38          95          99
          38         103         110
          38         113         115
          38         118         131
          38         122         127
          38         135         137
          38         143         145
          38         150         152
          38         156         199
          38         159         161
          38         167         169
          38         174         181
          38         192         194
          39           6          37
          39          10          12
          39          16          18
          39          20          24
          39          31          46
          39          39          43
          39          48          51
          39          55          68
          39          58          60
          39          70          72
          39          75          77
          39          81          83
          39          95          98
          39         101         106
          39         113         118
          39         124         132
          39         136         138
          39         143         145
          39         150         155
          39         152         167
          39         161         165
          39         179         200
          39         182         185
          39         189         191
          39         193         196
          40           3         116
          40           7          11
          40          16          19
          40          21          25
          40          29          34
          40          40          46
          40          56          79
          40          64          66
          40          70          72
          40          74          76
          40          83          85
          40          94          96
          40         105         108
          40         121         123
          40         125         127
          40         129         132
          40         136         139
          40         141         143
          40         145         147
          40         152         155
          40         166         193
          40         171         174
          40         177         179
          40         183         199
          40         195         197
          41           4           8
          41          10          16
          41          23          25
          41          30          34
          41          36          43
          41          40          46
          41          53          73
          41          56          64
          41          59          77
          41          69          71
          41          83          85
          41          88         181
          41          96          99
          41         105         116
          41         108         110
          41         120         122
          41         128         130
          41         133         138
          41         151         154
          41         157         159
          41         162         164
          41         172         174
          41         176         178
          41         185         189
          41         192         197
          42           1          11
          42           4          15
          42          18          20
          42          25          27
          42          29          33
          42          38          46
          42          42         105
          42          58          61
          42          66          90
          42          71          73
          42          82          84
          42          95          97
          42          99         102
          42         107         109
          42         113         119
          42         122         126
          42         130         133
          42         140         151
          42         144         148
          42         158         160
          42         166         168
          42         173         185
          42         178         181
          42         189         192
          42         194         196
          43           5           7
          43          12          14
          43          17          21
          43          19          31
          43          27          29
          43          33          35
          43          44          46
          43          49         106
          43          58          60
          43          66          69
          43          76          80
          43          89         101
          43          96          98
          43         113         116
          43         123         131
          43         128         149
          43         134         138
          43         145         147
          43         151         153
          43         158         163
          43         169         171
          43         174         199
          43         176         179
          43         184         189
          43         194         196
          44           6         128
          44          13          15
          44          18          20
          44          25          53
          44          29          32
          44          35          38
          44          40          42
          44          59          61
          44          64          67
          44          70          72
          44          76         110
          44          81          90
          44          96          98
          44         101         103
          44         115         117
          44         120         122
          44         124         126
          44         139         143
          44         153         156
          44         160         163
          44         165         167
          44         171         176
          44         178         182
          44         185         190
          44         193         197
          45          11          15
          45          22          24
          45          26          28
          45          31          78
          45          35          38
          45          40          42
          45          56          58
          45          60          62
          45          81          83
          45          88          91
          45          96          98
          45         100         103
          45         106         194
          45         109         111
          45         117         122
          45         126         128
          45         130         140
          45         132         135
          45         151         173
          45         154         156
          45         158         165
          45         168         171
          45         180         182
          45         184         187
          45         196         198
          46           1         126
          46           9          13
          46          19          22
          46          28          31
          46          34          40
          46          42          44
          46          48          86
          46          54          57
          46          60          63
          46          68          78
          46          71          81
          46          73          75
          46          90          92
          46          97         101
          46         103         105
          46         107         109
          46         116         141
          46         121         123
          46         145         147
          46         151         154
          46         158         187
          46         163         166
          46         173         175
          46         178         180
          46         197         199
          47           1           6
          47          10          12
          47          15         137
          47          18          21
          47          29          31
          47          36          38
          47          41          48
          47          43          45
          47          59          67
          47          69          71
          47          73          77
          47          85          89
          47          94          96
          47          98         116
          47         101         104
          47         111         113
          47         119         122
          47         124         130
          47         149         152
          47         158         162
          47         171         173
          47         176         194
          47         180         182
          47         186         190
          47         196         199
          48           4          15
          48           8          11
          48          25          33
          48          28          30
          48          38         137
          48          41          43
          48          45          50
          48          55         105
          48          58          61
          48          65         116
          48          71          75
          48          78          84
          48          86          98
          48          89          91
          48          94         100
          48         110         113
          48         124         127
          48         129         131
          48         133         143
          48         147         165
          48         149         152
          48         158         161
          48         171         174
          48         181         187
          48         193         195
          49           1           8
          49          11          14
          49          18          30
          49          21          23
          49          26          28
          49          36          38
          49          49          51
          49          59          68
          49          62          64
          49          71          73
          49          75          78
          49          80          82
          49          89          94
          49         103         114
          49         108         122
          49         119         125
          49         131         134
          49         146         149
          49         158         161
          49         164         167
          49         173         186
          49         175         177
          49         179         181
          49         191         193
          49         197         200
          50           2           4
          50          12          88
          50          19          22
          50          30          32
          50          35          37
          50          43         154
          50          45          47
          50          52          58
          50          61          65
          50          67          70
          50          74          78
          50          82          84
          50          94         104
          50          97          99
          50         116         119
          50         124         127
          50         134         137
          50         139         141
          50         145         149
          50         157         160
          50         165         169
          50         176         191
          50         179         181
          50         186         188
          50         195         198
