1 
2 
3 
4 
5 
6 
7 
8 
9 
10 
11 
13 
16 
20 
25 
31 
40 
50 
63 
79 
101 
126 
158 
199 
251 
316 
398 
501 
630 
794 
1010 
1260 
1580 
1990 
2510 
3160 
3980 
5010 
6300 
7940 
10100 
12600 
15800 
19900 
25100 
31600 
39800 
50100 
63000 
79400 
100000 
101000 
126000 
158000 
199000 
200000 
251000 
300000 
316000 
398000 
400000 
500000 
501000 
600000 
630000 
700000 
794000 
800000 
900000 
1000000 
1010000 
1100000 
1200000 
1260000 
1300000 
1400000 
1500000 
1580000 
1600000 
1700000 
1800000 
1900000 
1990000 
2000000 
2100000 
2200000 
2300000 
2400000 
2500000 
2510000 
2600000 
2700000 
2800000 
2900000 
3000000 
3100000 
3160000 
3200000 
3300000 
3400000 
3500000 
3600000 
3700000 
3800000 
3900000 
3980000 
4000000 
4100000 
4200000 
4300000 
4400000 
4500000 
4600000 
4700000 
4800000 
4900000 
5000000 
5000001 
5000002 
5000003 
5000004 
5000005 
5000006 
5000007 
5000008 
5000009 
5000010 
5000011 
5000013 
5000016 
5000020 
5000025 
5000031 
5000040 
5000050 
5000063 
5000079 
5000101 
5000126 
5000158 
5000199 
5000251 
5000316 
5000398 
5000501 
5000630 
5000794 
5001010 
5001260 
5001580 
5001990 
5002510 
5003160 
5003980 
5005010 
5006300 
5007940 
5010100 
5012600 
5015800 
5019900 
5025100 
5031600 
5039800 
5050100 
5063000 
5079400 
5100000 
5101000 
5126000 
5158000 
5199000 
5200000 
5251000 
5300000 
5316000 
5398000 
5400000 
5500000 
5501000 
5600000 
5630000 
5700000 
5794000 
5800000 
5900000 
6000000 
6010000 
6100000 
6200000 
6260000 
6300000 
6400000 
6500000 
6580000 
6600000 
6700000 
6800000 
6900000 
6990000 
7000000 
7100000 
7200000 
7300000 
7400000 
7500000 
7510000 
7600000 
7700000 
7800000 
7900000 
8000000 
8100000 
8160000 
8200000 
8300000 
8400000 
8500000 
8600000 
8700000 
8800000 
8900000 
8980000 
9000000 
9100000 
9200000 
9300000 
9400000 
9500000 
9600000 
9700000 
9800000 
9900000 
10000000 
10000001 
10000002 
10000003 
10000004 
10000005 
10000006 
10000007 
10000008 
10000009 
10000010 
10000011 
10000013 
10000016 
10000020 
10000025 
10000031 
10000040 
10000050 
10000063 
10000079 
10000101 
10000126 
10000158 
10000199 
10000251 
10000316 
10000398 
10000501 
10000630 
10000794 
10001010 
10001260 
10001580 
10001990 
10002510 
10003160 
10003980 
10005010 
10006300 
10007940 
10010100 
10012600 
10015800 
10019900 
10025100 
10031600 
10039800 
10050100 
10063000 
10079400 
10100000 
10101000 
10126000 
10158000 
10199000 
10200000 
10251000 
10300000 
10316000 
10398000 
10400000 
10500000 
10501000 
10600000 
10630000 
10700000 
10794000 
10800000 
10900000 
11000000 
11010000 
11100000 
11200000 
11260000 
11300000 
11400000 
11500000 
11580000 
11600000 
11700000 
11800000 
11900000 
11990000 
12000000 
12100000 
12200000 
12300000 
12400000 
12500000 
12510000 
12600000 
12700000 
12800000 
12900000 
13000000 
13100000 
13160000 
13200000 
13300000 
13400000 
13500000 
13600000 
13700000 
13800000 
13900000 
13980000 
14000000 
14100000 
14200000 
14300000 
14400000 
14500000 
14600000 
14700000 
14800000 
14900000 
15000000 
15000001 
15000002 
15000003 
15000004 
15000005 
15000006 
15000007 
15000008 
15000009 
15000010 
15000011 
15000013 
15000016 
15000020 
15000025 
15000031 
15000040 
15000050 
15000063 
15000079 
15000101 
15000126 
15000158 
15000199 
15000251 
15000316 
15000398 
15000501 
15000630 
15000794 
15001010 
15001260 
15001580 
15001990 
15002510 
15003160 
15003980 
15005010 
15006300 
15007940 
15010100 
15012600 
15015800 
15019900 
15025100 
15031600 
15039800 
15050100 
15063000 
15079400 
15100000 
15101000 
15126000 
15158000 
15199000 
15200000 
15251000 
15300000 
15316000 
15398000 
15400000 
15500000 
15501000 
15600000 
15630000 
15700000 
15794000 
15800000 
15900000 
16000000 
16010000 
16100000 
16200000 
16260000 
16300000 
16400000 
16500000 
16580000 
16600000 
16700000 
16800000 
16900000 
16990000 
17000000 
17100000 
17200000 
17300000 
17400000 
17500000 
17510000 
17600000 
17700000 
17800000 
17900000 
18000000 
18100000 
18160000 
18200000 
18300000 
18400000 
18500000 
18600000 
18700000 
18800000 
18900000 
18980000 
19000000 
19100000 
19200000 
19300000 
19400000 
19500000 
19600000 
19700000 
19800000 
19900000 
20000000 
20000001 
20000002 
20000003 
20000004 
20000005 
20000006 
20000007 
20000008 
20000009 
20000010 
20000011 
20000013 
20000016 
20000020 
20000025 
20000031 
20000040 
20000050 
20000063 
20000079 
20000101 
20000126 
20000158 
20000199 
20000251 
20000316 
20000398 
20000501 
20000630 
20000794 
20001010 
20001260 
20001580 
20001990 
20002510 
20003160 
20003980 
20005010 
20006300 
20007940 
20010100 
20012600 
20015800 
20019900 
20025100 
20031600 
20039800 
20050100 
20063000 
20079400 
20100000 
20101000 
20126000 
20158000 
20199000 
20200000 
20251000 
20300000 
20316000 
20398000 
20400000 
20500000 
20501000 
20600000 
20630000 
20700000 
20794000 
20800000 
20900000 
21000000 
21010000 
21100000 
21200000 
21260000 
21300000 
21400000 
21500000 
21580000 
21600000 
21700000 
21800000 
21900000 
21990000 
22000000 
22100000 
22200000 
22300000 
22400000 
22500000 
22510000 
22600000 
22700000 
22800000 
22900000 
23000000 
23100000 
23160000 
23200000 
23300000 
23400000 
23500000 
23600000 
23700000 
23800000 
23900000 
23980000 
24000000 
24100000 
24200000 
24300000 
24400000 
24500000 
24600000 
24700000 
24800000 
24900000 
25000000 
25000001 
25000002 
25000003 
25000004 
25000005 
25000006 
25000007 
25000008 
25000009 
25000010 
25000011 
25000013 
25000016 
25000020 
25000025 
25000031 
25000040 
25000050 
25000063 
25000079 
25000101 
25000126 
25000158 
25000199 
25000251 
25000316 
25000398 
25000501 
25000630 
25000794 
25001010 
25001260 
25001580 
25001990 
25002510 
25003160 
25003980 
25005010 
25006300 
25007940 
25010100 
25012600 
25015800 
25019900 
25025100 
25031600 
25039800 
25050100 
25063000 
25079400 
25100000 
25101000 
25126000 
25158000 
25199000 
25200000 
25251000 
25300000 
25316000 
25398000 
25400000 
25500000 
25501000 
25600000 
25630000 
25700000 
25794000 
25800000 
25900000 
26000000 
26010000 
26100000 
26200000 
26260000 
26300000 
26400000 
26500000 
26580000 
26600000 
26700000 
26800000 
26900000 
26990000 
27000000 
27100000 
27200000 
27300000 
27400000 
27500000 
27510000 
27600000 
27700000 
27800000 
27900000 
28000000 
28100000 
28160000 
28200000 
28300000 
28400000 
28500000 
28600000 
28700000 
28800000 
28900000 
28980000 
29000000 
29100000 
29200000 
29300000 
29400000 
29500000 
29600000 
29700000 
29800000 
29900000 
30000000 
30000001 
30000002 
30000003 
30000004 
30000005 
30000006 
30000007 
30000008 
30000009 
30000010 
30000011 
30000013 
30000016 
30000020 
30000025 
30000031 
30000040 
30000050 
30000063 
30000079 
30000101 
30000126 
30000158 
30000199 
30000251 
30000316 
30000398 
30000501 
30000630 
30000794 
30001010 
30001260 
30001580 
30001990 
30002510 
30003160 
30003980 
30005010 
30006300 
30007940 
30010100 
30012600 
30015800 
30019900 
30025100 
30031600 
30039800 
30050100 
30063000 
30079400 
30100000 
30101000 
30126000 
30158000 
30199000 
30200000 
30251000 
30300000 
30316000 
30398000 
30400000 
30500000 
30501000 
30600000 
30630000 
30700000 
30794000 
30800000 
30900000 
31000000 
31010000 
31100000 
31200000 
31260000 
31300000 
31400000 
31500000 
31580000 
31600000 
31700000 
31800000 
31900000 
31990000 
32000000 
32100000 
32200000 
32300000 
32400000 
32500000 
32510000 
32600000 
32700000 
32800000 
32900000 
33000000 
33100000 
33160000 
33200000 
33300000 
33400000 
33500000 
33600000 
33700000 
33800000 
33900000 
33980000 
34000000 
34100000 
34200000 
34300000 
34400000 
34500000 
34600000 
34700000 
34800000 
34900000 
35000000 
35000001 
35000002 
35000003 
35000004 
35000005 
35000006 
35000007 
35000008 
35000009 
35000010 
35000011 
35000013 
35000016 
35000020 
35000025 
35000031 
35000040 
35000050 
35000063 
35000079 
35000101 
35000126 
35000158 
35000199 
35000251 
35000316 
35000398 
35000501 
35000630 
35000794 
35001010 
35001260 
35001580 
35001990 
35002510 
35003160 
35003980 
35005010 
35006300 
35007940 
35010100 
35012600 
35015800 
35019900 
35025100 
35031600 
35039800 
35050100 
35063000 
35079400 
35100000 
35101000 
35126000 
35158000 
35199000 
35200000 
35251000 
35300000 
35316000 
35398000 
35400000 
35500000 
35501000 
35600000 
35630000 
35700000 
35794000 
35800000 
35900000 
36000000 
36010000 
36100000 
36200000 
36260000 
36300000 
36400000 
36500000 
36580000 
36600000 
36700000 
36800000 
36900000 
36990000 
37000000 
37100000 
37200000 
37300000 
37400000 
37500000 
37510000 
37600000 
37700000 
37800000 
37900000 
38000000 
38100000 
38160000 
38200000 
38300000 
38400000 
38500000 
38600000 
38700000 
38800000 
38900000 
38980000 
39000000 
39100000 
39200000 
39300000 
39400000 
39500000 
39600000 
39700000 
39800000 
39900000 
40000000 
40000001 
40000002 
40000003 
40000004 
40000005 
40000006 
40000007 
40000008 
40000009 
40000010 
40000011 
40000013 
40000016 
40000020 
40000025 
40000031 
40000040 
40000050 
40000063 
40000079 
40000101 
40000126 
40000158 
40000199 
40000251 
40000316 
40000398 
40000501 
40000630 
40000794 
40001010 
40001260 
40001580 
40001990 
40002510 
40003160 
40003980 
40005010 
40006300 
40007940 
40010100 
40012600 
40015800 
40019900 
40025100 
40031600 
40039800 
40050100 
40063000 
40079400 
40100000 
40101000 
40126000 
40158000 
40199000 
40200000 
40251000 
40300000 
40316000 
40398000 
40400000 
40500000 
40501000 
40600000 
40630000 
40700000 
40794000 
40800000 
40900000 
41000000 
41010000 
41100000 
41200000 
41260000 
41300000 
41400000 
41500000 
41580000 
41600000 
41700000 
41800000 
41900000 
41990000 
42000000 
42100000 
42200000 
42300000 
42400000 
42500000 
42510000 
42600000 
42700000 
42800000 
42900000 
43000000 
43100000 
43160000 
43200000 
43300000 
43400000 
43500000 
43600000 
43700000 
43800000 
43900000 
43980000 
44000000 
44100000 
44200000 
44300000 
44400000 
44500000 
44600000 
44700000 
44800000 
44900000 
45000000 
45000001 
45000002 
45000003 
45000004 
45000005 
45000006 
45000007 
45000008 
45000009 
45000010 
45000011 
45000013 
45000016 
45000020 
45000025 
45000031 
45000040 
45000050 
45000063 
45000079 
45000101 
45000126 
45000158 
45000199 
45000251 
45000316 
45000398 
45000501 
45000630 
45000794 
45001010 
45001260 
45001580 
45001990 
45002510 
45003160 
45003980 
45005010 
45006300 
45007940 
45010100 
45012600 
45015800 
45019900 
45025100 
45031600 
45039800 
45050100 
45063000 
45079400 
45100000 
45101000 
45126000 
45158000 
45199000 
45200000 
45251000 
45300000 
45316000 
45398000 
45400000 
45500000 
45501000 
45600000 
45630000 
45700000 
45794000 
45800000 
45900000 
46000000 
46010000 
46100000 
46200000 
46260000 
46300000 
46400000 
46500000 
46580000 
46600000 
46700000 
46800000 
46900000 
46990000 
47000000 
47100000 
47200000 
47300000 
47400000 
47500000 
47510000 
47600000 
47700000 
47800000 
47900000 
48000000 
48100000 
48160000 
48200000 
48300000 
48400000 
48500000 
48600000 
48700000 
48800000 
48900000 
48980000 
49000000 
49100000 
49200000 
49300000 
49400000 
49500000 
49600000 
49700000 
49800000 
49900000 
50000000 
50000001 
50000002 
50000003 
50000004 
50000005 
50000006 
50000007 
50000008 
50000009 
50000010 
50000011 
50000013 
50000016 
50000020 
50000025 
50000031 
50000040 
50000050 
50000063 
50000079 
50000101 
50000126 
50000158 
50000199 
50000251 
50000316 
50000398 
50000501 
50000630 
50000794 
50001010 
50001260 
50001580 
50001990 
50002510 
50003160 
50003980 
50005010 
50006300 
50007940 
50010100 
50012600 
50015800 
50019900 
50025100 
50031600 
50039800 
50050100 
50063000 
50079400 
50100000 
50101000 
50126000 
50158000 
50199000 
50200000 
50251000 
50300000 
50316000 
50398000 
50400000 
50500000 
50501000 
50600000 
50630000 
50700000 
50794000 
50800000 
50900000 
51000000 
51010000 
51100000 
51200000 
51260000 
51300000 
51400000 
51500000 
51580000 
51600000 
51700000 
51800000 
51900000 
51990000 
52000000 
52100000 
52200000 
52300000 
52400000 
52500000 
52510000 
52600000 
52700000 
52800000 
52900000 
53000000 
53100000 
53160000 
53200000 
53300000 
53400000 
53500000 
53600000 
53700000 
53800000 
53900000 
53980000 
54000000 
54100000 
54200000 
54300000 
54400000 
54500000 
54600000 
54700000 
54800000 
54900000 
55000000 
55000001 
55000002 
55000003 
55000004 
55000005 
55000006 
55000007 
55000008 
55000009 
55000010 
55000011 
55000013 
55000016 
55000020 
55000025 
55000031 
55000040 
55000050 
55000063 
55000079 
55000101 
55000126 
55000158 
55000199 
55000251 
55000316 
55000398 
55000501 
55000630 
55000794 
55001010 
55001260 
55001580 
55001990 
55002510 
55003160 
55003980 
55005010 
55006300 
55007940 
55010100 
55012600 
55015800 
55019900 
55025100 
55031600 
55039800 
55050100 
55063000 
55079400 
55100000 
55101000 
55126000 
55158000 
55199000 
55200000 
55251000 
55300000 
55316000 
55398000 
55400000 
55500000 
55501000 
55600000 
55630000 
55700000 
55794000 
55800000 
55900000 
56000000 
56010000 
56100000 
56200000 
56260000 
56300000 
56400000 
56500000 
56580000 
56600000 
56700000 
56800000 
56900000 
56990000 
57000000 
57100000 
57200000 
57300000 
57400000 
57500000 
57510000 
57600000 
57700000 
57800000 
57900000 
58000000 
58100000 
58160000 
58200000 
58300000 
58400000 
58500000 
58600000 
58700000 
58800000 
58900000 
58980000 
59000000 
59100000 
59200000 
59300000 
59400000 
59500000 
59600000 
59700000 
59800000 
59900000 
60000000 
60000001 
60000002 
60000003 
60000004 
60000005 
60000006 
60000007 
60000008 
60000009 
60000010 
60000011 
60000013 
60000016 
60000020 
60000025 
60000031 
60000040 
60000050 
60000063 
60000079 
60000101 
60000126 
60000158 
60000199 
60000251 
60000316 
60000398 
60000501 
60000630 
60000794 
60001010 
60001260 
60001580 
60001990 
60002510 
60003160 
60003980 
60005010 
60006300 
60007940 
60010100 
60012600 
60015800 
60019900 
60025100 
60031600 
60039800 
60050100 
60063000 
60079400 
60100000 
60101000 
60126000 
60158000 
60199000 
60200000 
60251000 
60300000 
60316000 
60398000 
60400000 
60500000 
60501000 
60600000 
60630000 
60700000 
60794000 
60800000 
60900000 
61000000 
61010000 
61100000 
61200000 
61260000 
61300000 
61400000 
61500000 
61580000 
61600000 
61700000 
61800000 
61900000 
61990000 
62000000 
62100000 
62200000 
62300000 
62400000 
62500000 
62510000 
62600000 
62700000 
62800000 
62900000 
63000000 
63100000 
63160000 
63200000 
63300000 
63400000 
63500000 
63600000 
63700000 
63800000 
63900000 
63980000 
64000000 
64100000 
64200000 
64300000 
64400000 
64500000 
64600000 
64700000 
64800000 
64900000 
65000000 
65000001 
65000002 
65000003 
65000004 
65000005 
65000006 
65000007 
65000008 
65000009 
65000010 
65000011 
65000013 
65000016 
65000020 
65000025 
65000031 
65000040 
65000050 
65000063 
65000079 
65000101 
65000126 
65000158 
65000199 
65000251 
65000316 
65000398 
65000501 
65000630 
65000794 
65001010 
65001260 
65001580 
65001990 
65002510 
65003160 
65003980 
65005010 
65006300 
65007940 
65010100 
65012600 
65015800 
65019900 
65025100 
65031600 
65039800 
65050100 
65063000 
65079400 
65100000 
65101000 
65126000 
65158000 
65199000 
65200000 
65251000 
65300000 
65316000 
65398000 
65400000 
65500000 
65501000 
65600000 
65630000 
65700000 
65794000 
65800000 
65900000 
66000000 
66010000 
66100000 
66200000 
66260000 
66300000 
66400000 
66500000 
66580000 
66600000 
66700000 
66800000 
66900000 
66990000 
67000000 
67100000 
67200000 
67300000 
67400000 
67500000 
67510000 
67600000 
67700000 
67800000 
67900000 
68000000 
68100000 
68160000 
68200000 
68300000 
68400000 
68500000 
68600000 
68700000 
68800000 
68900000 
68980000 
69000000 
69100000 
69200000 
69300000 
69400000 
69500000 
69600000 
69700000 
69800000 
69900000 
70000000 
70000001 
70000002 
70000003 
70000004 
70000005 
70000006 
70000007 
70000008 
70000009 
70000010 
70000011 
70000013 
70000016 
70000020 
70000025 
70000031 
70000040 
70000050 
70000063 
70000079 
70000101 
70000126 
70000158 
70000199 
70000251 
70000316 
70000398 
70000501 
70000630 
70000794 
70001010 
70001260 
70001580 
70001990 
70002510 
70003160 
70003980 
70005010 
70006300 
70007940 
70010100 
70012600 
70015800 
70019900 
70025100 
70031600 
70039800 
70050100 
70063000 
70079400 
70100000 
70101000 
70126000 
70158000 
70199000 
70200000 
70251000 
70300000 
70316000 
70398000 
70400000 
70500000 
70501000 
70600000 
70630000 
70700000 
70794000 
70800000 
70900000 
71000000 
71010000 
71100000 
71200000 
71260000 
71300000 
71400000 
71500000 
71580000 
71600000 
71700000 
71800000 
71900000 
71990000 
72000000 
72100000 
72200000 
72300000 
72400000 
72500000 
72510000 
72600000 
72700000 
72800000 
72900000 
73000000 
73100000 
73160000 
73200000 
73300000 
73400000 
73500000 
73600000 
73700000 
73800000 
73900000 
73980000 
74000000 
74100000 
74200000 
74300000 
74400000 
74500000 
74600000 
74700000 
74800000 
74900000 
75000000 
75000001 
75000002 
75000003 
75000004 
75000005 
75000006 
75000007 
75000008 
75000009 
75000010 
75000011 
75000013 
75000016 
75000020 
75000025 
75000031 
75000040 
75000050 
75000063 
75000079 
75000101 
75000126 
75000158 
75000199 
75000251 
75000316 
75000398 
75000501 
75000630 
75000794 
75001010 
75001260 
75001580 
75001990 
75002510 
75003160 
75003980 
75005010 
75006300 
75007940 
75010100 
75012600 
75015800 
75019900 
75025100 
75031600 
75039800 
75050100 
75063000 
75079400 
75100000 
75101000 
75126000 
75158000 
75199000 
75200000 
75251000 
75300000 
75316000 
75398000 
75400000 
75500000 
75501000 
75600000 
75630000 
75700000 
75794000 
75800000 
75900000 
76000000 
76010000 
76100000 
76200000 
76260000 
76300000 
76400000 
76500000 
76580000 
76600000 
76700000 
76800000 
76900000 
76990000 
77000000 
77100000 
77200000 
77300000 
77400000 
77500000 
77510000 
77600000 
77700000 
77800000 
77900000 
78000000 
78100000 
78160000 
78200000 
78300000 
78400000 
78500000 
78600000 
78700000 
78800000 
78900000 
78980000 
79000000 
79100000 
79200000 
79300000 
79400000 
79500000 
79600000 
79700000 
79800000 
79900000 
80000000 
80000001 
80000002 
80000003 
80000004 
80000005 
80000006 
80000007 
80000008 
80000009 
80000010 
80000011 
80000013 
80000016 
80000020 
80000025 
80000031 
80000040 
80000050 
80000063 
80000079 
80000101 
80000126 
80000158 
80000199 
80000251 
80000316 
80000398 
80000501 
80000630 
80000794 
80001010 
80001260 
80001580 
80001990 
80002510 
80003160 
80003980 
80005010 
80006300 
80007940 
80010100 
80012600 
80015800 
80019900 
80025100 
80031600 
80039800 
80050100 
80063000 
80079400 
80100000 
80101000 
80126000 
80158000 
80199000 
80200000 
80251000 
80300000 
80316000 
80398000 
80400000 
80500000 
80501000 
80600000 
80630000 
80700000 
80794000 
80800000 
80900000 
81000000 
81010000 
81100000 
81200000 
81260000 
81300000 
81400000 
81500000 
81580000 
81600000 
81700000 
81800000 
81900000 
81990000 
82000000 
82100000 
82200000 
82300000 
82400000 
82500000 
82510000 
82600000 
82700000 
82800000 
82900000 
83000000 
83100000 
83160000 
83200000 
83300000 
83400000 
83500000 
83600000 
83700000 
83800000 
83900000 
83980000 
84000000 
84100000 
84200000 
84300000 
84400000 
84500000 
84600000 
84700000 
84800000 
84900000 
85000000 
85000001 
85000002 
85000003 
85000004 
85000005 
85000006 
85000007 
85000008 
85000009 
85000010 
85000011 
85000013 
85000016 
85000020 
85000025 
85000031 
85000040 
85000050 
85000063 
85000079 
85000101 
85000126 
85000158 
85000199 
85000251 
85000316 
85000398 
85000501 
85000630 
85000794 
85001010 
85001260 
85001580 
85001990 
85002510 
85003160 
85003980 
85005010 
85006300 
85007940 
85010100 
85012600 
85015800 
85019900 
85025100 
85031600 
85039800 
85050100 
85063000 
85079400 
85100000 
85101000 
85126000 
85158000 
85199000 
85200000 
85251000 
85300000 
85316000 
85398000 
85400000 
85500000 
85501000 
85600000 
85630000 
85700000 
85794000 
85800000 
85900000 
86000000 
86010000 
86100000 
86200000 
86260000 
86300000 
86400000 
86500000 
86580000 
86600000 
86700000 
86800000 
86900000 
86990000 
87000000 
87100000 
87200000 
87300000 
87400000 
87500000 
87510000 
87600000 
87700000 
87800000 
87900000 
88000000 
88100000 
88160000 
88200000 
88300000 
88400000 
88500000 
88600000 
88700000 
88800000 
88900000 
88980000 
89000000 
89100000 
89200000 
89300000 
89400000 
89500000 
89600000 
89700000 
89800000 
89900000 
90000000 
90000001 
90000002 
90000003 
90000004 
90000005 
90000006 
90000007 
90000008 
90000009 
90000010 
90000011 
90000013 
90000016 
90000020 
90000025 
90000031 
90000040 
90000050 
90000063 
90000079 
90000101 
90000126 
90000158 
90000199 
90000251 
90000316 
90000398 
90000501 
90000630 
90000794 
90001010 
90001260 
90001580 
90001990 
90002510 
90003160 
90003980 
90005010 
90006300 
90007940 
90010100 
90012600 
90015800 
90019900 
90025100 
90031600 
90039800 
90050100 
90063000 
90079400 
90100000 
90101000 
90126000 
90158000 
90199000 
90200000 
90251000 
90300000 
90316000 
90398000 
90400000 
90500000 
90501000 
90600000 
90630000 
90700000 
90794000 
90800000 
90900000 
91000000 
91010000 
91100000 
91200000 
91260000 
91300000 
91400000 
91500000 
91580000 
91600000 
91700000 
91800000 
91900000 
91990000 
92000000 
92100000 
92200000 
92300000 
92400000 
92500000 
92510000 
92600000 
92700000 
92800000 
92900000 
93000000 
93100000 
93160000 
93200000 
93300000 
93400000 
93500000 
93600000 
93700000 
93800000 
93900000 
93980000 
94000000 
94100000 
94200000 
94300000 
94400000 
94500000 
94600000 
94700000 
94800000 
94900000 
95000000 
95000001 
95000002 
95000003 
95000004 
95000005 
95000006 
95000007 
95000008 
95000009 
95000010 
95000011 
95000013 
95000016 
95000020 
95000025 
95000031 
95000040 
95000050 
95000063 
95000079 
95000101 
95000126 
95000158 
95000199 
95000251 
95000316 
95000398 
95000501 
95000630 
95000794 
95001010 
95001260 
95001580 
95001990 
95002510 
95003160 
95003980 
95005010 
95006300 
95007940 
95010100 
95012600 
95015800 
95019900 
95025100 
95031600 
95039800 
95050100 
95063000 
95079400 
95100000 
95101000 
95126000 
95158000 
95199000 
95200000 
95251000 
95300000 
95316000 
95398000 
95400000 
95500000 
95501000 
95600000 
95630000 
95700000 
95794000 
95800000 
95900000 
96000000 
96010000 
96100000 
96200000 
96260000 
96300000 
96400000 
96500000 
96580000 
96600000 
96700000 
96800000 
96900000 
96990000 
97000000 
97100000 
97200000 
97300000 
97400000 
97500000 
97510000 
97600000 
97700000 
97800000 
97900000 
98000000 
98100000 
98160000 
98200000 
98300000 
98400000 
98500000 
98600000 
98700000 
98800000 
98900000 
98980000 
99000000 
99100000 
99200000 
99300000 
99400000 
99500000 
99600000 
99700000 
99800000 
99900000 
100000000 
