0 0.0 0.0 0.0 
10000000 0.0 0.0 0.01 
20000000 0.0 0.0 0.02 
30000000 0.0 0.0 0.03 
40000000 0.0 0.0 0.04 
50000000 0.0 0.0 0.05 
60000000 0.0 0.0 0.06 
70000000 0.0 0.0 0.07 
80000000 0.0 0.0 0.08 
90000000 0.0 0.0 0.09 
100000000 0.0 0.0 0.1 
110000000 0.0 0.0 0.11 
120000000 0.0 0.0 0.12 
130000000 0.0 0.0 0.13 
140000000 0.0 0.0 0.14 
150000000 0.0 0.0 0.15 
160000000 0.0 0.0 0.16 
170000000 0.0 0.0 0.17 
180000000 0.0 0.0 0.18 
190000000 0.0 0.0 0.19 
200000000 0.0 0.0 0.2 
210000000 0.0 0.0 0.21 
220000000 0.0 0.0 0.22 
230000000 0.0 0.0 0.23 
240000000 0.0 0.0 0.24 
250000000 0.0 0.0 0.25 
260000000 0.0 0.0 0.26 
270000000 0.0 0.0 0.27 
280000000 0.0 0.0 0.28 
290000000 0.0 0.0 0.29 
300000000 0.0 0.0 0.3 
310000000 0.0 0.0 0.31 
320000000 0.0 0.0 0.32 
330000000 0.0 0.0 0.33 
340000000 0.0 0.0 0.34 
350000000 0.0 0.0 0.35 
360000000 0.0 0.0 0.36 
370000000 0.0 0.0 0.37 
380000000 0.0 0.0 0.38 
390000000 0.0 0.0 0.39 
400000000 0.0 0.0 0.4 
410000000 0.0 0.0 0.41 
420000000 0.0 0.0 0.42 
430000000 0.0 0.0 0.43 
440000000 0.0 0.0 0.44 
450000000 0.0 0.0 0.45 
460000000 0.0 0.0 0.46 
470000000 0.0 0.0 0.47 
480000000 0.0 0.0 0.48 
490000000 0.0 0.0 0.49 
500000000 0.0 0.0 0.5 
510000000 0.0 0.0 0.51 
520000000 0.0 0.0 0.52 
530000000 0.0 0.0 0.53 
540000000 0.0 0.0 0.54 
550000000 0.0 0.0 0.55 
560000000 0.0 0.0 0.56 
570000000 0.0 0.0 0.57 
580000000 0.0 0.0 0.58 
590000000 0.0 0.0 0.59 
600000000 0.0 0.0 0.6 
610000000 0.0 0.0 0.61 
620000000 0.0 0.0 0.62 
630000000 0.0 0.0 0.63 
640000000 0.0 0.0 0.64 
650000000 0.0 0.0 0.65 
660000000 0.0 0.0 0.66 
670000000 0.0 0.0 0.67 
680000000 0.0 0.0 0.68 
690000000 0.0 0.0 0.69 
700000000 0.0 0.0 0.7 
710000000 0.0 0.0 0.71 
720000000 0.0 0.0 0.72 
730000000 0.0 0.0 0.73 
740000000 0.0 0.0 0.74 
750000000 0.0 0.0 0.75 
760000000 0.0 0.0 0.76 
770000000 0.0 0.0 0.77 
780000000 0.0 0.0 0.78 
790000000 0.0 0.0 0.79 
800000000 0.0 0.0 0.8 
810000000 0.0 0.0 0.81 
820000000 0.0 0.0 0.82 
830000000 0.0 0.0 0.83 
840000000 0.0 0.0 0.84 
850000000 0.0 0.0 0.85 
860000000 0.0 0.0 0.86 
870000000 0.0 0.0 0.87 
880000000 0.0 0.0 0.88 
890000000 0.0 0.0 0.89 
900000000 0.0 0.0 0.9 
910000000 0.0 0.0 0.91 
920000000 0.0 0.0 0.92 
930000000 0.0 0.0 0.93 
940000000 0.0 0.0 0.94 
950000000 0.0 0.0 0.95 
960000000 0.0 0.0 0.96 
970000000 0.0 0.0 0.97 
980000000 0.0 0.0 0.98 
990000000 0.0 0.0 0.99 
1000000000 0.0 0.0 1.0 
1010000000 0.0 0.0 1.01 
1020000000 0.0 0.0 1.02 
1030000000 0.0 0.0 1.03 
1040000000 0.0 0.0 1.04 
1050000000 0.0 0.0 1.05 
1060000000 0.0 0.0 1.06 
1070000000 0.0 0.0 1.07 
1080000000 0.0 0.0 1.08 
1090000000 0.0 0.0 1.09 
1100000000 0.0 0.0 1.1 
1110000000 0.0 0.0 1.11 
1120000000 0.0 0.0 1.12 
1130000000 0.0 0.0 1.13 
1140000000 0.0 0.0 1.14 
1150000000 0.0 0.0 1.15 
1160000000 0.0 0.0 1.16 
1170000000 0.0 0.0 1.17 
1180000000 0.0 0.0 1.18 
1190000000 0.0 0.0 1.19 
1200000000 0.0 0.0 1.2 
1210000000 0.0 0.0 1.21 
1220000000 0.0 0.0 1.22 
1230000000 0.0 0.0 1.23 
1240000000 0.0 0.0 1.24 
1250000000 0.0 0.0 1.25 
1260000000 0.0 0.0 1.26 
1270000000 0.0 0.0 1.27 
1280000000 0.0 0.0 1.28 
1290000000 0.0 0.0 1.29 
1300000000 0.0 0.0 1.3 
1310000000 0.0 0.0 1.31 
1320000000 0.0 0.0 1.32 
1330000000 0.0 0.0 1.33 
1340000000 0.0 0.0 1.34 
1350000000 0.0 0.0 1.35 
1360000000 0.0 0.0 1.36 
1370000000 0.0 0.0 1.37 
1380000000 0.0 0.0 1.38 
1390000000 0.0 0.0 1.39 
1400000000 0.0 0.0 1.4 
1410000000 0.0 0.0 1.41 
1420000000 0.0 0.0 1.42 
1430000000 0.0 0.0 1.43 
1440000000 0.0 0.0 1.44 
1450000000 0.0 0.0 1.45 
1460000000 0.0 0.0 1.46 
1470000000 0.0 0.0 1.47 
1480000000 0.0 0.0 1.48 
1490000000 0.0 0.0 1.49 
1500000000 0.0 0.0 1.5 
1510000000 0.0 0.0 1.51 
1520000000 0.0 0.0 1.52 
1530000000 0.0 0.0 1.53 
1540000000 0.0 0.0 1.54 
1550000000 0.0 0.0 1.55 
1560000000 0.0 0.0 1.56 
1570000000 0.0 0.0 1.57 
1580000000 0.0 0.0 1.58 
1590000000 0.0 0.0 1.59 
1600000000 0.0 0.0 1.6 
1610000000 0.0 0.0 1.61 
1620000000 0.0 0.0 1.62 
1630000000 0.0 0.0 1.63 
1640000000 0.0 0.0 1.64 
1650000000 0.0 0.0 1.65 
1660000000 0.0 0.0 1.66 
1670000000 0.0 0.0 1.67 
1680000000 0.0 0.0 1.68 
1690000000 0.0 0.0 1.69 
1700000000 0.0 0.0 1.7 
1710000000 0.0 0.0 1.71 
1720000000 0.0 0.0 1.72 
1730000000 0.0 0.0 1.73 
1740000000 0.0 0.0 1.74 
1750000000 0.0 0.0 1.75 
1760000000 0.0 0.0 1.76 
1770000000 0.0 0.0 1.77 
1780000000 0.0 0.0 1.78 
1790000000 0.0 0.0 1.79 
1800000000 0.0 0.0 1.8 
1810000000 0.0 0.0 1.81 
1820000000 0.0 0.0 1.82 
1830000000 0.0 0.0 1.83 
1840000000 0.0 0.0 1.84 
1850000000 0.0 0.0 1.85 
1860000000 0.0 0.0 1.86 
1870000000 0.0 0.0 1.87 
1880000000 0.0 0.0 1.88 
1890000000 0.0 0.0 1.89 
1900000000 0.0 0.0 1.9 
1910000000 0.0 0.0 1.91 
1920000000 0.0 0.0 1.92 
1930000000 0.0 0.0 1.93 
1940000000 0.0 0.0 1.94 
1950000000 0.0 0.0 1.95 
1960000000 0.0 0.0 1.96 
1970000000 0.0 0.0 1.97 
1980000000 0.0 0.0 1.98 
1990000000 0.0 0.0 1.99 
2000000000 0.0 0.0 2.0 
2010000000 0.0 0.0 2.01 
2020000000 0.0 0.0 2.02 
2030000000 0.0 0.0 2.03 
2040000000 0.0 0.0 2.04 
2050000000 0.0 0.0 2.05 
2060000000 0.0 0.0 2.06 
2070000000 0.0 0.0 2.07 
2080000000 0.0 0.0 2.08 
2090000000 0.0 0.0 2.09 
2100000000 0.0 0.0 2.1 
2110000000 0.0 0.0 2.11 
2120000000 0.0 0.0 2.12 
2130000000 0.0 0.0 2.13 
2140000000 0.0 0.0 2.14 
2150000000 0.0 0.0 2.15 
2160000000 0.0 0.0 2.16 
2170000000 0.0 0.0 2.17 
2180000000 0.0 0.0 2.18 
2190000000 0.0 0.0 2.19 
2200000000 0.0 0.0 2.2 
2210000000 0.0 0.0 2.21 
2220000000 0.0 0.0 2.22 
2230000000 0.0 0.0 2.23 
2240000000 0.0 0.0 2.24 
2250000000 0.0 0.0 2.25 
2260000000 0.0 0.0 2.26 
2270000000 0.0 0.0 2.27 
2280000000 0.0 0.0 2.28 
2290000000 0.0 0.0 2.29 
2300000000 0.0 0.0 2.3 
2310000000 0.0 0.0 2.31 
2320000000 0.0 0.0 2.32 
2330000000 0.0 0.0 2.33 
2340000000 0.0 0.0 2.34 
2350000000 0.0 0.0 2.35 
2360000000 0.0 0.0 2.36 
2370000000 0.0 0.0 2.37 
2380000000 0.0 0.0 2.38 
2390000000 0.0 0.0 2.39 
2400000000 0.0 0.0 2.4 
2410000000 0.0 0.0 2.41 
2420000000 0.0 0.0 2.42 
2430000000 0.0 0.0 2.43 
2440000000 0.0 0.0 2.44 
2450000000 0.0 0.0 2.45 
2460000000 0.0 0.0 2.46 
2470000000 0.0 0.0 2.47 
2480000000 0.0 0.0 2.48 
2490000000 0.0 0.0 2.49 
2500000000 0.0 0.0 2.5 
2510000000 0.0 0.0 2.51 
2520000000 0.0 0.0 2.52 
2530000000 0.0 0.0 2.53 
2540000000 0.0 0.0 2.54 
2550000000 0.0 0.0 2.55 
2560000000 0.0 0.0 2.56 
2570000000 0.0 0.0 2.57 
2580000000 0.0 0.0 2.58 
2590000000 0.0 0.0 2.59 
2600000000 0.0 0.0 2.6 
2610000000 0.0 0.0 2.61 
2620000000 0.0 0.0 2.62 
2630000000 0.0 0.0 2.63 
2640000000 0.0 0.0 2.64 
2650000000 0.0 0.0 2.65 
2660000000 0.0 0.0 2.66 
2670000000 0.0 0.0 2.67 
2680000000 0.0 0.0 2.68 
2690000000 0.0 0.0 2.69 
2700000000 0.0 0.0 2.7 
2710000000 0.0 0.0 2.71 
2720000000 0.0 0.0 2.72 
2730000000 0.0 0.0 2.73 
2740000000 0.0 0.0 2.74 
2750000000 0.0 0.0 2.75 
2760000000 0.0 0.0 2.76 
2770000000 0.0 0.0 2.77 
2780000000 0.0 0.0 2.78 
2790000000 0.0 0.0 2.79 
2800000000 0.0 0.0 2.8 
2810000000 0.0 0.0 2.81 
2820000000 0.0 0.0 2.82 
2830000000 0.0 0.0 2.83 
2840000000 0.0 0.0 2.84 
2850000000 0.0 0.0 2.85 
2860000000 0.0 0.0 2.86 
2870000000 0.0 0.0 2.87 
2880000000 0.0 0.0 2.88 
2890000000 0.0 0.0 2.89 
2900000000 0.0 0.0 2.9 
2910000000 0.0 0.0 2.91 
2920000000 0.0 0.0 2.92 
2930000000 0.0 0.0 2.93 
2940000000 0.0 0.0 2.94 
2950000000 0.0 0.0 2.95 
2960000000 0.0 0.0 2.96 
2970000000 0.0 0.0 2.97 
2980000000 0.0 0.0 2.98 
2990000000 0.0 0.0 2.99 
3000000000 0.0 0.0 3.0 
3010000000 0.0 0.0 3.01 
3020000000 0.0 0.0 3.02 
3030000000 0.0 0.0 3.03 
3040000000 0.0 0.0 3.04 
3050000000 0.0 0.0 3.05 
3060000000 0.0 0.0 3.06 
3070000000 0.0 0.0 3.07 
3080000000 0.0 0.0 3.08 
3090000000 0.0 0.0 3.09 
3100000000 0.0 0.0 3.1 
3110000000 0.0 0.0 3.11 
3120000000 0.0 0.0 3.12 
3130000000 0.0 0.0 3.13 
3140000000 0.0 0.0 3.14 
3150000000 0.0 0.0 3.15 
3160000000 0.0 0.0 3.16 
3170000000 0.0 0.0 3.17 
3180000000 0.0 0.0 3.18 
3190000000 0.0 0.0 3.19 
3200000000 0.0 0.0 3.2 
3210000000 0.0 0.0 3.21 
3220000000 0.0 0.0 3.22 
3230000000 0.0 0.0 3.23 
3240000000 0.0 0.0 3.24 
3250000000 0.0 0.0 3.25 
3260000000 0.0 0.0 3.26 
3270000000 0.0 0.0 3.27 
3280000000 0.0 0.0 3.28 
3290000000 0.0 0.0 3.29 
3300000000 0.0 0.0 3.3 
3310000000 0.0 0.0 3.31 
3320000000 0.0 0.0 3.32 
3330000000 0.0 0.0 3.33 
3340000000 0.0 0.0 3.34 
3350000000 0.0 0.0 3.35 
3360000000 0.0 0.0 3.36 
3370000000 0.0 0.0 3.37 
3380000000 0.0 0.0 3.38 
3390000000 0.0 0.0 3.39 
3400000000 0.0 0.0 3.4 
3410000000 0.0 0.0 3.41 
3420000000 0.0 0.0 3.42 
3430000000 0.0 0.0 3.43 
3440000000 0.0 0.0 3.44 
3450000000 0.0 0.0 3.45 
3460000000 0.0 0.0 3.46 
3470000000 0.0 0.0 3.47 
3480000000 0.0 0.0 3.48 
3490000000 0.0 0.0 3.49 
3500000000 0.0 0.0 3.5 
3510000000 0.0 0.0 3.51 
3520000000 0.0 0.0 3.52 
3530000000 0.0 0.0 3.53 
3540000000 0.0 0.0 3.54 
3550000000 0.0 0.0 3.55 
3560000000 0.0 0.0 3.56 
3570000000 0.0 0.0 3.57 
3580000000 0.0 0.0 3.58 
3590000000 0.0 0.0 3.59 
3600000000 0.0 0.0 3.6 
3610000000 0.0 0.0 3.61 
3620000000 0.0 0.0 3.62 
3630000000 0.0 0.0 3.63 
3640000000 0.0 0.0 3.64 
3650000000 0.0 0.0 3.65 
3660000000 0.0 0.0 3.66 
3670000000 0.0 0.0 3.67 
3680000000 0.0 0.0 3.68 
3690000000 0.0 0.0 3.69 
3700000000 0.0 0.0 3.7 
3710000000 0.0 0.0 3.71 
3720000000 0.0 0.0 3.72 
3730000000 0.0 0.0 3.73 
3740000000 0.0 0.0 3.74 
3750000000 0.0 0.0 3.75 
3760000000 0.0 0.0 3.76 
3770000000 0.0 0.0 3.77 
3780000000 0.0 0.0 3.78 
3790000000 0.0 0.0 3.79 
3800000000 0.0 0.0 3.8 
3810000000 0.0 0.0 3.81 
3820000000 0.0 0.0 3.82 
3830000000 0.0 0.0 3.83 
3840000000 0.0 0.0 3.84 
3850000000 0.0 0.0 3.85 
3860000000 0.0 0.0 3.86 
3870000000 0.0 0.0 3.87 
3880000000 0.0 0.0 3.88 
3890000000 0.0 0.0 3.89 
3900000000 0.0 0.0 3.9 
3910000000 0.0 0.0 3.91 
3920000000 0.0 0.0 3.92 
3930000000 0.0 0.0 3.93 
3940000000 0.0 0.0 3.94 
3950000000 0.0 0.0 3.95 
3960000000 0.0 0.0 3.96 
3970000000 0.0 0.0 3.97 
3980000000 0.0 0.0 3.98 
3990000000 0.0 0.0 3.99 
4000000000 0.0 0.0 4.0 
4010000000 0.0 0.0 4.01 
4020000000 0.0 0.0 4.02 
4030000000 0.0 0.0 4.03 
4040000000 0.0 0.0 4.04 
4050000000 0.0 0.0 4.05 
4060000000 0.0 0.0 4.06 
4070000000 0.0 0.0 4.07 
4080000000 0.0 0.0 4.08 
4090000000 0.0 0.0 4.09 
4100000000 0.0 0.0 4.1 
4110000000 0.0 0.0 4.11 
4120000000 0.0 0.0 4.12 
4130000000 0.0 0.0 4.13 
4140000000 0.0 0.0 4.14 
4150000000 0.0 0.0 4.15 
4160000000 0.0 0.0 4.16 
4170000000 0.0 0.0 4.17 
4180000000 0.0 0.0 4.18 
4190000000 0.0 0.0 4.19 
4200000000 0.0 0.0 4.2 
4210000000 0.0 0.0 4.21 
4220000000 0.0 0.0 4.22 
4230000000 0.0 0.0 4.23 
4240000000 0.0 0.0 4.24 
4250000000 0.0 0.0 4.25 
4260000000 0.0 0.0 4.26 
4270000000 0.0 0.0 4.27 
4280000000 0.0 0.0 4.28 
4290000000 0.0 0.0 4.29 
4300000000 0.0 0.0 4.3 
4310000000 0.0 0.0 4.31 
4320000000 0.0 0.0 4.32 
4330000000 0.0 0.0 4.33 
4340000000 0.0 0.0 4.34 
4350000000 0.0 0.0 4.35 
4360000000 0.0 0.0 4.36 
4370000000 0.0 0.0 4.37 
4380000000 0.0 0.0 4.38 
4390000000 0.0 0.0 4.39 
4400000000 0.0 0.0 4.4 
4410000000 0.0 0.0 4.41 
4420000000 0.0 0.0 4.42 
4430000000 0.0 0.0 4.43 
4440000000 0.0 0.0 4.44 
4450000000 0.0 0.0 4.45 
4460000000 0.0 0.0 4.46 
4470000000 0.0 0.0 4.47 
4480000000 0.0 0.0 4.48 
4490000000 0.0 0.0 4.49 
4500000000 0.0 0.0 4.5 
4510000000 0.0 0.0 4.51 
4520000000 0.0 0.0 4.52 
4530000000 0.0 0.0 4.53 
4540000000 0.0 0.0 4.54 
4550000000 0.0 0.0 4.55 
4560000000 0.0 0.0 4.56 
4570000000 0.0 0.0 4.57 
4580000000 0.0 0.0 4.58 
4590000000 0.0 0.0 4.59 
4600000000 0.0 0.0 4.6 
4610000000 0.0 0.0 4.61 
4620000000 0.0 0.0 4.62 
4630000000 0.0 0.0 4.63 
4640000000 0.0 0.0 4.64 
4650000000 0.0 0.0 4.65 
4660000000 0.0 0.0 4.66 
4670000000 0.0 0.0 4.67 
4680000000 0.0 0.0 4.68 
4690000000 0.0 0.0 4.69 
4700000000 0.0 0.0 4.7 
4710000000 0.0 0.0 4.71 
4720000000 0.0 0.0 4.72 
4730000000 0.0 0.0 4.73 
4740000000 0.0 0.0 4.74 
4750000000 0.0 0.0 4.75 
4760000000 0.0 0.0 4.76 
4770000000 0.0 0.0 4.77 
4780000000 0.0 0.0 4.78 
4790000000 0.0 0.0 4.79 
4800000000 0.0 0.0 4.8 
4810000000 0.0 0.0 4.81 
4820000000 0.0 0.0 4.82 
4830000000 0.0 0.0 4.83 
4840000000 0.0 0.0 4.84 
4850000000 0.0 0.0 4.85 
4860000000 0.0 0.0 4.86 
4870000000 0.0 0.0 4.87 
4880000000 0.0 0.0 4.88 
4890000000 0.0 0.0 4.89 
4900000000 0.0 0.0 4.9 
4910000000 0.0 0.0 4.91 
4920000000 0.0 0.0 4.92 
4930000000 0.0 0.0 4.93 
4940000000 0.0 0.0 4.94 
4950000000 0.0 0.0 4.95 
4960000000 0.0 0.0 4.96 
4970000000 0.0 0.0 4.97 
4980000000 0.0 0.0 4.98 
4990000000 0.0 0.0 4.99 
5000000000 0.0 0.0 5.0 
